number of positions:     2
y (row) [um] | x (col) [um]
-978.00 -974.00
-977.00 -928.00
-973.00 -872.00
-973.00 -820.00
-971.00 -773.00
-980.00 -729.00
-976.00 -674.00
-970.00 -626.00
-973.00 -574.00
-977.00 -524.00
-978.00 -473.00
-978.00 -422.00
-975.00 -379.00
-979.00 -322.00
-974.00 -271.00
-978.00 -221.00
-972.00 -175.00
-971.00 -121.00
-973.00 -79.00
-974.00 -24.00
-975.00 29.00
-972.00 76.00
-970.00 120.00
-978.00 171.00
-977.00 222.00
-979.00 279.00
-970.00 322.00
-973.00 376.00
-972.00 421.00
-974.00 477.00
-976.00 526.00
-971.00 573.00
-980.00 623.00
-980.00 677.00
-971.00 724.00
-979.00 779.00
-975.00 830.00
-979.00 877.00
-978.00 928.00
-971.00 972.00
-924.00 980.00
-921.00 928.00
-925.00 880.00
-929.00 829.00
-928.00 774.00
-922.00 725.00
-925.00 677.00
-924.00 624.00
-927.00 574.00
-925.00 524.00
-928.00 477.00
-924.00 426.00
-923.00 376.00
-929.00 327.00
-922.00 279.00
-920.00 224.00
-930.00 170.00
-927.00 120.00
-921.00 77.00
-925.00 24.00
-928.00 -20.00
-926.00 -76.00
-929.00 -123.00
-923.00 -175.00
-925.00 -228.00
-930.00 -274.00
-927.00 -323.00
-930.00 -371.00
-923.00 -421.00
-927.00 -471.00
-926.00 -529.00
-928.00 -578.00
-926.00 -624.00
-928.00 -679.00
-923.00 -721.00
-922.00 -780.00
-924.00 -828.00
-924.00 -877.00
-926.00 -922.00
-921.00 -971.00
-878.00 -971.00
-876.00 -923.00
-870.00 -879.00
-872.00 -825.00
-880.00 -776.00
-871.00 -720.00
-870.00 -679.00
-871.00 -622.00
-878.00 -577.00
-873.00 -522.00
-876.00 -473.00
-873.00 -425.00
-872.00 -375.00
-873.00 -323.00
-877.00 -271.00
-877.00 -228.00
-876.00 -180.00
-872.00 -125.00
-875.00 -77.00
-873.00 -28.00
-878.00 23.00
-871.00 71.00
-872.00 127.00
-872.00 179.00
-870.00 223.00
-870.00 273.00
-871.00 328.00
-872.00 377.00
-870.00 422.00
-879.00 476.00
-872.00 523.00
-877.00 572.00
-879.00 622.00
-877.00 673.00
-873.00 722.00
-872.00 779.00
-878.00 823.00
-874.00 876.00
-878.00 922.00
-873.00 977.00
-823.00 979.00
-821.00 924.00
-829.00 874.00
-823.00 828.00
-823.00 777.00
-822.00 727.00
-823.00 676.00
-824.00 629.00
-821.00 578.00
-823.00 529.00
-825.00 473.00
-827.00 429.00
-822.00 373.00
-830.00 325.00
-821.00 270.00
-822.00 228.00
-820.00 170.00
-821.00 127.00
-828.00 79.00
-829.00 20.00
-824.00 -30.00
-821.00 -79.00
-825.00 -123.00
-824.00 -174.00
-825.00 -227.00
-823.00 -273.00
-821.00 -329.00
-823.00 -378.00
-826.00 -421.00
-824.00 -472.00
-830.00 -526.00
-829.00 -575.00
-821.00 -622.00
-828.00 -670.00
-829.00 -726.00
-827.00 -773.00
-826.00 -827.00
-829.00 -879.00
-822.00 -925.00
-823.00 -971.00
-778.00 -975.00
-770.00 -923.00
-776.00 -878.00
-771.00 -825.00
-770.00 -778.00
-773.00 -722.00
-776.00 -670.00
-777.00 -621.00
-771.00 -572.00
-779.00 -524.00
-774.00 -477.00
-780.00 -420.00
-777.00 -371.00
-774.00 -324.00
-772.00 -272.00
-772.00 -223.00
-775.00 -177.00
-776.00 -124.00
-776.00 -71.00
-772.00 -26.00
-776.00 29.00
-780.00 70.00
-776.00 130.00
-772.00 175.00
-773.00 226.00
-778.00 278.00
-777.00 323.00
-779.00 376.00
-773.00 428.00
-777.00 471.00
-778.00 525.00
-776.00 578.00
-772.00 625.00
-772.00 671.00
-779.00 729.00
-774.00 778.00
-777.00 827.00
-778.00 873.00
-779.00 926.00
-771.00 976.00
-721.00 978.00
-724.00 929.00
-724.00 871.00
-727.00 823.00
-723.00 779.00
-726.00 727.00
-725.00 675.00
-728.00 623.00
-727.00 573.00
-728.00 528.00
-727.00 470.00
-720.00 423.00
-727.00 380.00
-729.00 322.00
-728.00 274.00
-727.00 228.00
-720.00 176.00
-730.00 128.00
-730.00 78.00
-723.00 23.00
-728.00 -29.00
-725.00 -75.00
-725.00 -124.00
-721.00 -179.00
-722.00 -224.00
-724.00 -274.00
-720.00 -329.00
-721.00 -379.00
-723.00 -426.00
-729.00 -471.00
-729.00 -520.00
-724.00 -577.00
-726.00 -623.00
-723.00 -679.00
-729.00 -727.00
-726.00 -770.00
-722.00 -827.00
-724.00 -871.00
-722.00 -920.00
-724.00 -978.00
-678.00 -975.00
-677.00 -925.00
-676.00 -878.00
-677.00 -823.00
-672.00 -775.00
-679.00 -728.00
-671.00 -676.00
-671.00 -621.00
-677.00 -574.00
-671.00 -528.00
-674.00 -478.00
-677.00 -424.00
-674.00 -376.00
-680.00 -320.00
-670.00 -274.00
-677.00 -222.00
-676.00 -174.00
-673.00 -126.00
-671.00 -73.00
-675.00 -28.00
-673.00 29.00
-670.00 80.00
-677.00 129.00
-677.00 179.00
-673.00 228.00
-676.00 275.00
-671.00 320.00
-675.00 372.00
-671.00 421.00
-678.00 472.00
-673.00 525.00
-671.00 573.00
-679.00 626.00
-674.00 672.00
-679.00 725.00
-673.00 772.00
-671.00 827.00
-678.00 870.00
-677.00 921.00
-675.00 973.00
-625.00 976.00
-628.00 924.00
-629.00 870.00
-622.00 825.00
-626.00 770.00
-623.00 725.00
-621.00 677.00
-625.00 621.00
-624.00 579.00
-626.00 521.00
-623.00 477.00
-625.00 422.00
-625.00 374.00
-625.00 325.00
-626.00 277.00
-630.00 229.00
-628.00 170.00
-622.00 126.00
-627.00 73.00
-624.00 25.00
-626.00 -27.00
-622.00 -73.00
-622.00 -121.00
-622.00 -171.00
-627.00 -222.00
-622.00 -278.00
-628.00 -324.00
-622.00 -373.00
-621.00 -424.00
-625.00 -471.00
-625.00 -528.00
-622.00 -575.00
-621.00 -625.00
-627.00 -671.00
-623.00 -726.00
-629.00 -780.00
-628.00 -829.00
-629.00 -876.00
-624.00 -926.00
-620.00 -975.00
-579.00 -975.00
-571.00 -922.00
-573.00 -875.00
-574.00 -827.00
-579.00 -775.00
-578.00 -726.00
-573.00 -673.00
-580.00 -620.00
-575.00 -570.00
-576.00 -529.00
-577.00 -472.00
-572.00 -426.00
-576.00 -370.00
-576.00 -325.00
-572.00 -278.00
-576.00 -228.00
-575.00 -174.00
-572.00 -122.00
-574.00 -71.00
-580.00 -29.00
-573.00 29.00
-576.00 76.00
-579.00 122.00
-579.00 172.00
-572.00 222.00
-574.00 280.00
-578.00 329.00
-576.00 376.00
-579.00 421.00
-575.00 473.00
-575.00 524.00
-571.00 576.00
-580.00 630.00
-574.00 677.00
-572.00 728.00
-574.00 778.00
-579.00 822.00
-577.00 880.00
-576.00 921.00
-575.00 978.00
-528.00 971.00
-521.00 927.00
-521.00 876.00
-525.00 823.00
-522.00 771.00
-521.00 728.00
-521.00 673.00
-528.00 624.00
-529.00 571.00
-525.00 525.00
-528.00 472.00
-523.00 422.00
-529.00 376.00
-523.00 323.00
-520.00 271.00
-523.00 227.00
-520.00 171.00
-524.00 129.00
-530.00 72.00
-522.00 29.00
-524.00 -26.00
-523.00 -73.00
-526.00 -123.00
-522.00 -170.00
-520.00 -223.00
-529.00 -270.00
-521.00 -325.00
-520.00 -375.00
-523.00 -427.00
-526.00 -474.00
-524.00 -521.00
-523.00 -577.00
-526.00 -622.00
-525.00 -679.00
-529.00 -729.00
-522.00 -774.00
-525.00 -829.00
-528.00 -874.00
-527.00 -921.00
-528.00 -972.00
-473.00 -972.00
-470.00 -926.00
-479.00 -875.00
-479.00 -827.00
-477.00 -778.00
-476.00 -724.00
-474.00 -670.00
-473.00 -626.00
-474.00 -579.00
-478.00 -523.00
-475.00 -474.00
-475.00 -427.00
-478.00 -371.00
-478.00 -320.00
-477.00 -279.00
-478.00 -226.00
-477.00 -178.00
-472.00 -125.00
-474.00 -71.00
-472.00 -20.00
-471.00 24.00
-471.00 72.00
-472.00 126.00
-480.00 176.00
-471.00 226.00
-475.00 278.00
-476.00 322.00
-479.00 371.00
-480.00 423.00
-480.00 471.00
-470.00 523.00
-473.00 573.00
-475.00 622.00
-478.00 680.00
-478.00 721.00
-480.00 773.00
-470.00 828.00
-478.00 874.00
-471.00 922.00
-479.00 975.00
-423.00 974.00
-427.00 928.00
-426.00 873.00
-422.00 824.00
-426.00 771.00
-424.00 723.00
-425.00 679.00
-422.00 622.00
-425.00 573.00
-422.00 529.00
-429.00 473.00
-427.00 422.00
-423.00 375.00
-422.00 329.00
-426.00 274.00
-423.00 222.00
-423.00 173.00
-429.00 126.00
-422.00 76.00
-422.00 23.00
-420.00 -22.00
-420.00 -73.00
-428.00 -124.00
-426.00 -178.00
-420.00 -227.00
-429.00 -279.00
-425.00 -330.00
-427.00 -374.00
-422.00 -424.00
-427.00 -478.00
-425.00 -530.00
-426.00 -573.00
-421.00 -625.00
-425.00 -673.00
-424.00 -723.00
-423.00 -775.00
-425.00 -823.00
-427.00 -873.00
-425.00 -921.00
-426.00 -976.00
-375.00 -973.00
-377.00 -928.00
-374.00 -870.00
-379.00 -822.00
-378.00 -772.00
-380.00 -721.00
-374.00 -676.00
-371.00 -622.00
-373.00 -575.00
-374.00 -528.00
-370.00 -471.00
-375.00 -426.00
-376.00 -370.00
-374.00 -327.00
-374.00 -278.00
-378.00 -225.00
-371.00 -174.00
-371.00 -120.00
-375.00 -78.00
-374.00 -23.00
-375.00 28.00
-373.00 76.00
-376.00 123.00
-379.00 171.00
-377.00 223.00
-379.00 274.00
-378.00 328.00
-376.00 377.00
-374.00 426.00
-371.00 473.00
-373.00 527.00
-376.00 580.00
-377.00 624.00
-379.00 675.00
-371.00 721.00
-378.00 774.00
-373.00 829.00
-378.00 878.00
-375.00 928.00
-375.00 977.00
-328.00 977.00
-325.00 930.00
-327.00 874.00
-326.00 823.00
-327.00 775.00
-329.00 729.00
-327.00 676.00
-322.00 627.00
-327.00 575.00
-321.00 524.00
-324.00 478.00
-327.00 425.00
-324.00 377.00
-324.00 329.00
-322.00 272.00
-324.00 220.00
-329.00 177.00
-323.00 123.00
-326.00 77.00
-322.00 30.00
-324.00 -27.00
-326.00 -78.00
-321.00 -120.00
-321.00 -172.00
-328.00 -226.00
-326.00 -278.00
-329.00 -330.00
-329.00 -380.00
-320.00 -427.00
-326.00 -473.00
-327.00 -524.00
-325.00 -570.00
-323.00 -626.00
-325.00 -678.00
-323.00 -727.00
-322.00 -778.00
-327.00 -826.00
-324.00 -878.00
-327.00 -927.00
-324.00 -971.00
-271.00 -974.00
-270.00 -926.00
-272.00 -871.00
-275.00 -821.00
-273.00 -770.00
-270.00 -721.00
-279.00 -675.00
-279.00 -628.00
-280.00 -576.00
-279.00 -526.00
-270.00 -473.00
-275.00 -429.00
-272.00 -374.00
-278.00 -321.00
-275.00 -277.00
-271.00 -220.00
-277.00 -179.00
-271.00 -124.00
-278.00 -74.00
-280.00 -28.00
-274.00 25.00
-273.00 76.00
-279.00 124.00
-270.00 180.00
-277.00 223.00
-272.00 279.00
-279.00 326.00
-277.00 373.00
-276.00 428.00
-272.00 476.00
-273.00 521.00
-276.00 572.00
-275.00 627.00
-278.00 677.00
-275.00 722.00
-277.00 780.00
-273.00 824.00
-274.00 878.00
-275.00 928.00
-279.00 979.00
-223.00 972.00
-227.00 926.00
-221.00 879.00
-223.00 829.00
-225.00 771.00
-221.00 727.00
-223.00 671.00
-225.00 620.00
-221.00 577.00
-220.00 524.00
-224.00 472.00
-225.00 427.00
-225.00 370.00
-224.00 323.00
-220.00 275.00
-225.00 224.00
-228.00 172.00
-228.00 123.00
-224.00 71.00
-221.00 24.00
-223.00 -24.00
-224.00 -71.00
-230.00 -123.00
-221.00 -174.00
-226.00 -224.00
-222.00 -272.00
-227.00 -327.00
-222.00 -378.00
-220.00 -420.00
-226.00 -479.00
-224.00 -529.00
-221.00 -579.00
-220.00 -629.00
-222.00 -675.00
-224.00 -730.00
-223.00 -775.00
-225.00 -824.00
-220.00 -879.00
-226.00 -925.00
-228.00 -971.00
-172.00 -976.00
-179.00 -928.00
-177.00 -873.00
-177.00 -821.00
-174.00 -780.00
-176.00 -722.00
-172.00 -672.00
-176.00 -628.00
-179.00 -570.00
-179.00 -523.00
-174.00 -475.00
-179.00 -425.00
-171.00 -373.00
-179.00 -324.00
-178.00 -276.00
-178.00 -224.00
-174.00 -177.00
-174.00 -128.00
-174.00 -78.00
-179.00 -29.00
-176.00 29.00
-174.00 76.00
-175.00 129.00
-177.00 175.00
-179.00 221.00
-177.00 272.00
-178.00 320.00
-178.00 378.00
-175.00 426.00
-174.00 480.00
-173.00 525.00
-173.00 579.00
-171.00 629.00
-173.00 680.00
-173.00 724.00
-172.00 772.00
-175.00 826.00
-176.00 880.00
-174.00 920.00
-179.00 972.00
-129.00 970.00
-130.00 925.00
-130.00 876.00
-123.00 825.00
-122.00 779.00
-124.00 727.00
-129.00 679.00
-122.00 626.00
-126.00 577.00
-128.00 529.00
-127.00 473.00
-123.00 429.00
-128.00 373.00
-120.00 328.00
-128.00 277.00
-123.00 222.00
-122.00 170.00
-129.00 130.00
-128.00 74.00
-129.00 21.00
-128.00 -28.00
-125.00 -75.00
-125.00 -127.00
-129.00 -174.00
-125.00 -223.00
-122.00 -279.00
-129.00 -328.00
-127.00 -375.00
-129.00 -425.00
-125.00 -479.00
-128.00 -524.00
-123.00 -573.00
-127.00 -624.00
-121.00 -670.00
-122.00 -727.00
-123.00 -771.00
-130.00 -829.00
-130.00 -880.00
-124.00 -921.00
-120.00 -974.00
-71.00 -976.00
-72.00 -923.00
-78.00 -872.00
-74.00 -826.00
-77.00 -774.00
-71.00 -722.00
-72.00 -674.00
-72.00 -621.00
-75.00 -575.00
-79.00 -525.00
-77.00 -474.00
-71.00 -427.00
-72.00 -372.00
-71.00 -329.00
-71.00 -272.00
-74.00 -226.00
-76.00 -179.00
-73.00 -122.00
-73.00 -76.00
-78.00 -26.00
-71.00 29.00
-79.00 79.00
-77.00 122.00
-78.00 180.00
-74.00 230.00
-73.00 271.00
-72.00 329.00
-74.00 377.00
-73.00 428.00
-76.00 478.00
-73.00 527.00
-74.00 578.00
-71.00 624.00
-70.00 678.00
-74.00 728.00
-80.00 772.00
-74.00 825.00
-76.00 877.00
-76.00 920.00
-72.00 979.00
-22.00 978.00
-22.00 921.00
-25.00 870.00
-20.00 820.00
-22.00 779.00
-24.00 723.00
-27.00 673.00
-21.00 627.00
-29.00 574.00
-29.00 528.00
-23.00 480.00
-28.00 421.00
-28.00 372.00
-24.00 328.00
-30.00 278.00
-29.00 223.00
-23.00 178.00
-28.00 130.00
-21.00 74.00
-24.00 28.00
-29.00 -28.00
-27.00 -71.00
-25.00 -123.00
-25.00 -170.00
-29.00 -223.00
-24.00 -275.00
-27.00 -321.00
-23.00 -374.00
-27.00 -429.00
-20.00 -479.00
-25.00 -527.00
-28.00 -575.00
-28.00 -626.00
-22.00 -679.00
-23.00 -728.00
-24.00 -775.00
-22.00 -823.00
-29.00 -877.00
-25.00 -930.00
-26.00 -978.00
21.00 -970.00
26.00 -922.00
22.00 -876.00
22.00 -820.00
28.00 -770.00
25.00 -725.00
26.00 -678.00
28.00 -628.00
23.00 -574.00
20.00 -523.00
20.00 -474.00
29.00 -421.00
25.00 -373.00
29.00 -322.00
24.00 -276.00
25.00 -223.00
27.00 -170.00
27.00 -122.00
30.00 -72.00
29.00 -23.00
30.00 23.00
26.00 78.00
26.00 123.00
22.00 172.00
28.00 227.00
27.00 274.00
22.00 322.00
24.00 372.00
20.00 428.00
28.00 473.00
21.00 528.00
25.00 570.00
21.00 626.00
30.00 672.00
28.00 724.00
24.00 779.00
23.00 822.00
26.00 877.00
21.00 920.00
25.00 974.00
77.00 975.00
73.00 929.00
77.00 871.00
73.00 827.00
75.00 770.00
79.00 724.00
77.00 674.00
79.00 622.00
77.00 576.00
71.00 521.00
74.00 474.00
74.00 420.00
71.00 380.00
71.00 322.00
72.00 279.00
72.00 228.00
77.00 171.00
74.00 130.00
72.00 73.00
78.00 27.00
72.00 -25.00
78.00 -78.00
79.00 -126.00
74.00 -172.00
76.00 -224.00
78.00 -276.00
78.00 -322.00
73.00 -373.00
73.00 -421.00
75.00 -473.00
77.00 -520.00
72.00 -578.00
71.00 -623.00
75.00 -679.00
80.00 -728.00
79.00 -772.00
70.00 -827.00
71.00 -880.00
72.00 -925.00
70.00 -971.00
124.00 -974.00
122.00 -930.00
124.00 -879.00
127.00 -822.00
125.00 -775.00
124.00 -724.00
125.00 -675.00
124.00 -622.00
123.00 -573.00
124.00 -523.00
130.00 -474.00
125.00 -430.00
122.00 -374.00
124.00 -329.00
126.00 -277.00
126.00 -229.00
120.00 -172.00
128.00 -126.00
128.00 -71.00
126.00 -29.00
130.00 28.00
127.00 75.00
125.00 125.00
124.00 171.00
124.00 228.00
121.00 278.00
126.00 326.00
129.00 370.00
126.00 425.00
127.00 476.00
127.00 523.00
121.00 574.00
124.00 628.00
129.00 677.00
130.00 722.00
125.00 773.00
127.00 823.00
125.00 879.00
129.00 928.00
130.00 975.00
177.00 978.00
174.00 920.00
175.00 877.00
172.00 826.00
177.00 772.00
175.00 721.00
176.00 679.00
180.00 626.00
174.00 580.00
172.00 523.00
176.00 472.00
173.00 420.00
174.00 378.00
171.00 322.00
170.00 277.00
172.00 220.00
178.00 176.00
173.00 121.00
176.00 78.00
176.00 25.00
178.00 -25.00
171.00 -74.00
176.00 -121.00
171.00 -174.00
171.00 -225.00
172.00 -278.00
180.00 -323.00
172.00 -379.00
172.00 -428.00
172.00 -474.00
171.00 -522.00
179.00 -575.00
171.00 -623.00
173.00 -680.00
172.00 -722.00
170.00 -775.00
172.00 -821.00
179.00 -879.00
178.00 -925.00
172.00 -978.00
225.00 -979.00
225.00 -929.00
224.00 -879.00
226.00 -827.00
228.00 -775.00
221.00 -729.00
223.00 -674.00
224.00 -630.00
221.00 -574.00
229.00 -530.00
225.00 -476.00
229.00 -425.00
225.00 -372.00
226.00 -323.00
227.00 -278.00
228.00 -229.00
224.00 -171.00
225.00 -122.00
222.00 -76.00
226.00 -24.00
228.00 27.00
226.00 72.00
222.00 123.00
226.00 176.00
221.00 228.00
227.00 274.00
225.00 327.00
226.00 376.00
227.00 423.00
222.00 479.00
229.00 524.00
228.00 577.00
223.00 626.00
222.00 680.00
222.00 728.00
225.00 772.00
229.00 826.00
225.00 870.00
229.00 920.00
228.00 976.00
272.00 971.00
276.00 921.00
270.00 874.00
271.00 825.00
275.00 773.00
280.00 727.00
278.00 676.00
277.00 624.00
270.00 571.00
271.00 524.00
270.00 472.00
276.00 425.00
279.00 372.00
279.00 326.00
278.00 280.00
273.00 220.00
271.00 173.00
274.00 120.00
278.00 71.00
275.00 28.00
271.00 -23.00
276.00 -74.00
276.00 -129.00
270.00 -175.00
275.00 -222.00
279.00 -276.00
274.00 -321.00
276.00 -374.00
270.00 -422.00
276.00 -476.00
275.00 -528.00
277.00 -575.00
276.00 -629.00
270.00 -677.00
272.00 -728.00
270.00 -780.00
271.00 -826.00
273.00 -880.00
273.00 -926.00
271.00 -976.00
329.00 -974.00
327.00 -922.00
322.00 -873.00
322.00 -822.00
326.00 -770.00
329.00 -727.00
325.00 -676.00
320.00 -625.00
325.00 -578.00
323.00 -530.00
326.00 -472.00
325.00 -427.00
327.00 -372.00
325.00 -324.00
326.00 -280.00
330.00 -225.00
321.00 -172.00
329.00 -127.00
324.00 -71.00
326.00 -21.00
325.00 29.00
330.00 74.00
324.00 130.00
328.00 177.00
320.00 229.00
326.00 275.00
322.00 326.00
322.00 370.00
325.00 427.00
322.00 473.00
322.00 526.00
323.00 576.00
324.00 628.00
321.00 678.00
323.00 730.00
323.00 778.00
325.00 827.00
325.00 874.00
321.00 930.00
324.00 974.00
372.00 975.00
370.00 921.00
374.00 874.00
373.00 830.00
370.00 772.00
373.00 728.00
373.00 673.00
376.00 623.00
377.00 579.00
377.00 522.00
377.00 478.00
375.00 427.00
376.00 374.00
374.00 324.00
373.00 272.00
374.00 229.00
378.00 176.00
375.00 127.00
379.00 71.00
374.00 27.00
371.00 -28.00
373.00 -74.00
374.00 -130.00
374.00 -170.00
371.00 -226.00
377.00 -278.00
376.00 -322.00
376.00 -371.00
372.00 -427.00
376.00 -474.00
372.00 -529.00
373.00 -574.00
375.00 -623.00
378.00 -675.00
376.00 -728.00
374.00 -777.00
376.00 -825.00
374.00 -870.00
379.00 -926.00
374.00 -970.00
424.00 -974.00
421.00 -923.00
429.00 -870.00
429.00 -830.00
428.00 -773.00
427.00 -727.00
421.00 -672.00
426.00 -623.00
423.00 -579.00
430.00 -522.00
426.00 -472.00
421.00 -429.00
423.00 -373.00
430.00 -325.00
427.00 -279.00
428.00 -221.00
424.00 -173.00
425.00 -130.00
423.00 -75.00
424.00 -28.00
424.00 29.00
422.00 71.00
422.00 126.00
423.00 173.00
424.00 228.00
424.00 273.00
423.00 322.00
421.00 375.00
426.00 427.00
428.00 473.00
424.00 529.00
428.00 580.00
420.00 628.00
425.00 675.00
429.00 727.00
424.00 778.00
423.00 826.00
423.00 873.00
430.00 925.00
422.00 978.00
480.00 980.00
473.00 928.00
472.00 879.00
475.00 821.00
473.00 776.00
470.00 722.00
480.00 680.00
473.00 626.00
473.00 575.00
475.00 523.00
475.00 479.00
475.00 421.00
470.00 371.00
476.00 327.00
473.00 276.00
473.00 229.00
475.00 179.00
473.00 123.00
475.00 74.00
477.00 26.00
477.00 -28.00
477.00 -80.00
472.00 -129.00
478.00 -177.00
476.00 -227.00
479.00 -278.00
474.00 -324.00
476.00 -371.00
473.00 -429.00
473.00 -479.00
474.00 -521.00
473.00 -572.00
473.00 -621.00
470.00 -674.00
478.00 -725.00
478.00 -779.00
473.00 -820.00
472.00 -871.00
473.00 -928.00
474.00 -971.00
523.00 -975.00
524.00 -924.00
525.00 -870.00
528.00 -828.00
529.00 -779.00
521.00 -728.00
522.00 -680.00
525.00 -622.00
526.00 -577.00
522.00 -528.00
523.00 -479.00
527.00 -426.00
528.00 -372.00
528.00 -324.00
520.00 -271.00
521.00 -221.00
530.00 -174.00
525.00 -129.00
527.00 -80.00
523.00 -25.00
523.00 24.00
527.00 73.00
530.00 121.00
521.00 177.00
523.00 229.00
527.00 272.00
525.00 322.00
525.00 380.00
521.00 428.00
529.00 472.00
522.00 528.00
524.00 579.00
528.00 627.00
526.00 677.00
526.00 727.00
527.00 773.00
522.00 820.00
526.00 877.00
528.00 928.00
521.00 973.00
579.00 975.00
579.00 926.00
578.00 875.00
575.00 828.00
577.00 771.00
572.00 720.00
574.00 680.00
570.00 628.00
571.00 574.00
570.00 530.00
571.00 473.00
577.00 425.00
573.00 373.00
576.00 327.00
575.00 274.00
575.00 226.00
575.00 171.00
577.00 123.00
576.00 80.00
574.00 25.00
576.00 -26.00
576.00 -80.00
572.00 -120.00
570.00 -178.00
570.00 -224.00
571.00 -272.00
577.00 -330.00
574.00 -373.00
572.00 -423.00
577.00 -476.00
579.00 -522.00
579.00 -579.00
574.00 -621.00
578.00 -676.00
579.00 -728.00
577.00 -774.00
571.00 -827.00
575.00 -873.00
574.00 -924.00
575.00 -980.00
625.00 -972.00
623.00 -927.00
621.00 -875.00
622.00 -821.00
623.00 -770.00
627.00 -728.00
620.00 -674.00
625.00 -624.00
623.00 -575.00
622.00 -529.00
627.00 -477.00
626.00 -429.00
622.00 -371.00
628.00 -323.00
629.00 -273.00
628.00 -220.00
620.00 -179.00
621.00 -124.00
625.00 -80.00
623.00 -20.00
628.00 29.00
629.00 72.00
622.00 128.00
623.00 177.00
623.00 221.00
624.00 272.00
628.00 328.00
625.00 377.00
627.00 428.00
626.00 479.00
623.00 525.00
625.00 579.00
628.00 626.00
622.00 670.00
622.00 729.00
622.00 780.00
625.00 821.00
626.00 872.00
625.00 922.00
626.00 976.00
678.00 973.00
673.00 920.00
671.00 878.00
674.00 820.00
679.00 778.00
678.00 726.00
671.00 674.00
675.00 620.00
678.00 572.00
679.00 527.00
672.00 478.00
673.00 424.00
672.00 371.00
675.00 324.00
675.00 272.00
679.00 221.00
679.00 175.00
679.00 128.00
677.00 71.00
675.00 20.00
678.00 -24.00
676.00 -74.00
670.00 -125.00
675.00 -175.00
674.00 -221.00
675.00 -273.00
670.00 -328.00
678.00 -376.00
673.00 -424.00
675.00 -473.00
679.00 -522.00
676.00 -571.00
670.00 -621.00
672.00 -670.00
673.00 -721.00
673.00 -773.00
675.00 -825.00
676.00 -876.00
673.00 -922.00
670.00 -976.00
723.00 -977.00
729.00 -929.00
725.00 -871.00
722.00 -825.00
723.00 -773.00
725.00 -729.00
721.00 -679.00
727.00 -630.00
729.00 -578.00
729.00 -520.00
730.00 -479.00
721.00 -427.00
724.00 -375.00
720.00 -326.00
728.00 -274.00
726.00 -223.00
728.00 -172.00
726.00 -124.00
726.00 -79.00
722.00 -23.00
725.00 22.00
726.00 75.00
724.00 121.00
725.00 177.00
722.00 230.00
721.00 275.00
724.00 329.00
726.00 370.00
727.00 429.00
730.00 477.00
723.00 521.00
726.00 573.00
722.00 622.00
721.00 671.00
725.00 727.00
722.00 778.00
723.00 830.00
730.00 873.00
722.00 928.00
727.00 979.00
779.00 972.00
775.00 929.00
774.00 879.00
770.00 826.00
774.00 773.00
774.00 728.00
772.00 672.00
776.00 623.00
774.00 574.00
771.00 520.00
774.00 476.00
777.00 421.00
779.00 371.00
774.00 323.00
771.00 274.00
772.00 226.00
776.00 173.00
770.00 120.00
772.00 72.00
776.00 22.00
778.00 -28.00
774.00 -78.00
772.00 -127.00
774.00 -170.00
776.00 -225.00
774.00 -273.00
771.00 -326.00
777.00 -380.00
777.00 -421.00
776.00 -474.00
772.00 -525.00
779.00 -575.00
771.00 -628.00
772.00 -678.00
777.00 -729.00
777.00 -779.00
779.00 -820.00
778.00 -877.00
774.00 -922.00
774.00 -970.00
825.00 -973.00
829.00 -924.00
830.00 -876.00
827.00 -821.00
820.00 -778.00
822.00 -721.00
822.00 -674.00
827.00 -629.00
828.00 -576.00
823.00 -524.00
829.00 -479.00
827.00 -429.00
823.00 -374.00
829.00 -327.00
824.00 -271.00
829.00 -229.00
823.00 -174.00
826.00 -127.00
821.00 -78.00
824.00 -21.00
824.00 27.00
825.00 79.00
829.00 128.00
829.00 171.00
823.00 228.00
823.00 271.00
824.00 325.00
827.00 374.00
820.00 421.00
828.00 471.00
821.00 529.00
821.00 576.00
828.00 623.00
823.00 674.00
820.00 725.00
827.00 776.00
826.00 827.00
821.00 879.00
826.00 920.00
823.00 978.00
876.00 980.00
874.00 928.00
877.00 878.00
872.00 826.00
870.00 775.00
875.00 726.00
873.00 677.00
878.00 621.00
873.00 580.00
874.00 522.00
875.00 480.00
872.00 429.00
871.00 371.00
876.00 324.00
873.00 272.00
878.00 230.00
873.00 175.00
878.00 129.00
873.00 74.00
880.00 26.00
870.00 -22.00
878.00 -74.00
879.00 -126.00
879.00 -177.00
877.00 -221.00
876.00 -270.00
878.00 -329.00
871.00 -379.00
875.00 -429.00
873.00 -476.00
877.00 -521.00
876.00 -579.00
877.00 -628.00
875.00 -673.00
880.00 -728.00
876.00 -776.00
876.00 -824.00
872.00 -877.00
878.00 -926.00
870.00 -971.00
923.00 -976.00
930.00 -930.00
920.00 -876.00
920.00 -822.00
926.00 -771.00
929.00 -728.00
927.00 -678.00
924.00 -623.00
929.00 -577.00
927.00 -526.00
923.00 -473.00
925.00 -427.00
926.00 -374.00
927.00 -323.00
928.00 -271.00
927.00 -220.00
921.00 -173.00
930.00 -124.00
922.00 -70.00
921.00 -23.00
925.00 25.00
921.00 79.00
927.00 129.00
927.00 179.00
922.00 230.00
929.00 275.00
925.00 321.00
922.00 372.00
923.00 423.00
920.00 473.00
925.00 523.00
921.00 573.00
927.00 626.00
921.00 676.00
928.00 726.00
927.00 774.00
921.00 826.00
921.00 880.00
922.00 926.00
928.00 971.00
972.00 975.00
972.00 930.00
979.00 873.00
976.00 822.00
971.00 778.00
974.00 721.00
977.00 677.00
976.00 628.00
971.00 579.00
976.00 525.00
970.00 478.00
971.00 424.00
972.00 372.00
973.00 321.00
978.00 273.00
974.00 228.00
980.00 177.00
973.00 122.00
975.00 78.00
979.00 25.00
973.00 -28.00
978.00 -79.00
970.00 -123.00
973.00 -175.00
979.00 -220.00
978.00 -279.00
975.00 -327.00
976.00 -375.00
970.00 -427.00
980.00 -470.00
976.00 -523.00
976.00 -570.00
976.00 -628.00
979.00 -673.00
978.00 -722.00
971.00 -771.00
974.00 -823.00
971.00 -877.00
977.00 -927.00
975.00 -977.00
-978.00 -974.00
