number of positions:  1006
y (row) [um] | x (col) [um]
0.00 -28.18
-24.00 -15.48
19.41 51.56
85.02 90.12
125.47 158.57
188.88 215.56
239.04 256.71
269.08 276.42
278.89 314.69
349.29 382.70
381.94 348.47
313.34 307.46
297.04 282.03
262.35 237.79
280.68 302.50
320.25 333.88
343.31 376.95
367.84 354.76
337.85 386.10
369.32 349.12
325.75 299.46
270.53 239.17
205.54 169.60
163.25 148.57
119.53 130.82
132.47 125.67
111.20 142.87
175.69 209.15
242.76 276.05
308.54 321.45
353.79 339.80
321.65 291.08
259.12 226.19
192.70 159.08
168.10 202.70
236.20 268.35
298.84 327.32
353.46 376.92
377.06 396.93
350.44 369.40
384.55 396.15
363.95 370.52
373.66 373.53
370.23 329.50
334.70 336.66
335.24 330.24
287.96 295.46
298.95 298.72
295.01 260.29
254.89 214.81
221.82 225.17
188.62 183.78
136.54 146.64
152.92 118.59
86.11 56.03
28.90 5.37
36.53 62.07
90.74 121.89
154.92 189.31
224.52 262.11
260.07 253.79
219.40 185.28
151.94 119.91
89.77 62.14
81.21 92.70
95.30 86.84
53.57 61.22
47.31 95.86
124.44 145.51
171.23 189.74
201.20 235.22
265.87 293.25
317.29 254.78
224.64 207.82
185.23 157.33
124.27 111.50
87.08 63.29
27.49 13.51
-6.97 22.89
3.40 27.91
59.86 53.38
37.77 14.91
-13.82 -47.19
-30.34 -8.86
16.55 45.32
76.93 110.86
99.28 63.86
30.74 12.80
-19.07 0.37
-26.79 -50.27
-69.54 -111.12
-123.09 -129.58
-92.96 -84.01
-58.54 -27.66
-1.71 17.63
-11.40 -30.40
-34.48 -63.06
-95.32 -129.77
-165.07 -156.08
-189.14 -199.92
-240.21 -233.13
-220.34 -201.19
-171.00 -138.51
-104.70 -122.35
-89.25 -58.12
-70.36 -68.68
-34.74 -46.96
-76.82 -99.59
-108.40 -143.30
-174.40 -201.36
-228.07 -248.56
-263.54 -273.37
-278.25 -241.99
-238.73 -230.66
-217.97 -232.92
-200.87 -169.75
-185.62 -196.89
-203.27 -204.42
-167.15 -163.24
-153.96 -139.76
-121.04 -94.27
-73.02 -47.81
-71.46 -98.16
-125.35 -149.57
-179.57 -210.81
-243.07 -265.70
-299.00 -332.63
-366.40 -351.32
-317.73 -284.19
-250.88 -264.53
-298.42 -332.19
-384.78 -365.71
-375.77 -342.32
-308.27 -273.72
-278.33 -313.67
-348.06 -381.48
-382.85 -379.97
-372.90 -361.79
-393.14 -378.15
-359.63 -387.55
-365.54 -389.43
-383.45 -364.04
-340.70 -313.35
-283.82 -255.14
-285.31 -312.95
-337.81 -328.02
-346.77 -311.88
-327.58 -339.13
-346.43 -349.43
-314.58 -310.97
-302.82 -290.11
-272.78 -250.70
-223.53 -240.26
-268.24 -292.09
-305.70 -279.97
-250.96 -218.65
-207.84 -190.49
-166.83 -136.89
-120.00 -93.58
-57.28 -59.85
-93.66 -124.38
-149.54 -170.11
-182.78 -222.63
-187.87 -185.53
-219.60 -252.46
-275.25 -306.57
-336.30 -354.83
-369.40 -380.26
-387.64 -391.68
-392.48 -355.31
-354.25 -390.16
-349.99 -314.94
-317.78 -317.19
-312.96 -270.94
-277.81 -280.57
-279.54 -274.97
-234.82 -241.03
-243.62 -242.28
-236.59 -202.28
-168.48 -135.73
-104.57 -75.60
-95.97 -126.86
-159.17 -192.37
-225.97 -259.48
-304.82 -353.03
-347.26 -337.79
-324.36 -292.42
-242.75 -209.49
-175.88 -142.33
-150.42 -150.64
-142.34 -109.80
-114.15 -109.13
-75.49 -42.76
-76.33 -67.00
-49.49 -48.86
-25.17 4.83
-16.64 -42.06
-70.74 -76.06
-106.04 -138.20
-171.98 -206.84
-206.82 -202.72
-165.07 -170.63
-135.55 -102.08
-128.55 -117.71
-81.31 -93.63
-60.80 -30.55
-3.39 20.13
39.39 53.62
21.49 -5.89
-27.10 -40.37
-9.61 12.23
50.12 34.28
7.61 32.10
61.77 95.05
89.23 77.41
60.46 39.02
13.64 -15.18
-46.98 3.50
33.85 56.80
111.83 85.26
60.88 84.16
103.27 117.75
127.07 130.53
127.13 93.51
62.04 81.92
115.08 148.52
181.09 211.62
227.48 237.35
241.74 240.97
235.28 224.88
258.25 291.84
325.50 337.80
303.89 269.69
276.61 311.53
345.74 379.17
371.28 392.34
359.05 376.12
342.50 308.89
275.47 242.43
209.96 178.24
191.84 200.71
204.52 202.91
195.37 161.51
166.90 165.90
159.24 147.45
130.95 110.10
137.94 167.42
160.18 190.73
222.37 254.89
288.07 321.70
355.60 389.57
0.00 0.00
2.47 37.73
70.43 53.14
61.17 48.71
81.72 86.35
80.34 65.77
43.98 69.72
98.48 129.59
162.46 196.53
198.42 195.95
189.58 151.40
159.28 163.14
129.09 96.79
66.77 39.64
16.06 4.53
29.94 58.66
90.14 123.84
114.50 79.32
46.33 16.00
30.39 -1.47
-30.27 -55.59
-76.96 -93.89
-105.82 -112.04
-111.51 -78.41
-48.24 -70.08
-102.40 -135.84
-169.14 -201.08
-214.45 -221.66
-223.28 -219.69
-211.18 -197.99
-230.37 -211.74
-180.37 -150.13
-166.35 -177.93
-184.50 -185.65
-180.82 -146.09
-148.70 -144.95
-135.60 -121.22
-102.28 -79.16
-52.27 -105.02
-132.84 -129.58
-158.57 -188.99
-220.60 -244.01
-276.98 -310.44
-344.20 -378.06
-397.28 -363.83
-330.24 -296.68
-263.33 -244.70
-278.39 -312.14
-345.78 -379.17
-357.00 -390.17
-396.81 -363.86
-329.99 -332.30
-366.37 -397.18
-364.55 -330.17
-323.63 -312.71
-297.42 -277.79
-253.71 -233.81
-256.41 -273.80
-286.26 -293.94
-296.92 -295.28
-323.26 -289.08
-254.54 -259.74
-260.14 -255.57
-245.81 -230.53
-209.14 -180.57
-149.02 -115.40
-80.36 -77.01
-43.04 -12.72
-40.13 -22.66
5.27 -16.76
-44.71 -76.94
-68.34 -53.96
-34.68 -11.17
-16.94 -33.70
-3.13 22.10
40.61 50.56
19.15 -4.03
19.85 21.08
-14.75 -39.39
-55.46 -82.39
-105.93 -116.69
-150.83 -180.48
-205.37 -224.96
-238.69 -268.10
-293.81 -315.79
-333.98 -348.26
-358.48 -391.08
-380.95 -366.95
-396.78 -378.99
-349.28 -328.15
-303.77 -276.34
-277.94 -246.67
-213.56 -212.98
-246.05 -205.36
-190.88 -169.70
-141.74 -122.76
-95.27 -149.70
-167.40 -176.96
-178.77 -173.07
-138.71 -127.38
-160.10 -172.91
-140.19 -108.86
-79.51 -95.70
-104.00 -103.14
-142.23 -137.24
-122.57 -90.83
-57.30 -59.94
-24.39 -9.95
-35.81 -68.19
-65.32 -52.77
-32.50 -56.42
-83.77 -113.78
-145.84 -179.38
-206.50 -240.43
-274.22 -307.39
-351.21 -339.49
-323.71 -292.48
-260.07 -226.90
-193.42 -207.03
-240.31 -272.57
-303.42 -332.49
-307.11 -333.87
-357.93 -383.79
-359.40 -380.90
-353.31 -370.07
-383.09 -392.58
-359.17 -363.59
-364.63 -362.43
-326.46 -327.18
-324.40 -317.90
-283.59 -288.70
-289.91 -322.41
-287.50 -248.19
-252.23 -252.53
-248.75 -213.85
-216.36 -214.60
-208.99 -170.36
-132.76 -96.66
-62.52 -47.32
-14.10 16.28
37.53 66.17
91.34 146.18
117.78 91.22
112.30 129.01
100.52 86.01
66.79 43.39
-1.99 -30.80
-43.92 -74.09
-106.74 -141.38
-177.49 -180.66
-145.93 -112.69
-81.46 -52.81
-27.36 -5.85
25.97 6.74
-16.78 23.41
44.88 61.81
73.43 40.01
10.74 -12.95
-29.37 0.60
21.06 26.81
60.15 60.24
46.14 20.90
47.57 78.69
109.70 112.71
148.25 147.57
140.93 172.74
158.80 140.37
169.98 200.87
232.81 265.58
298.98 332.80
320.87 354.55
366.85 388.21
372.04 338.55
304.94 271.40
250.19 284.29
318.25 351.93
385.21 394.03
360.98 327.18
292.74 257.73
260.55 258.49
251.35 238.89
220.65 191.81
208.58 218.78
223.15 222.12
216.04 238.08
287.35 254.19
221.58 189.72
205.15 181.86
185.78 184.03
175.91 142.03
108.20 75.75
93.50 127.16
160.29 99.50
92.58 134.81
167.07 195.83
245.79 220.38
239.95 266.31
288.15 305.61
265.74 280.63
290.69 296.01
296.68 331.70
365.66 366.00
331.79 327.45
318.71 362.04
394.64 386.51
353.88 341.62
325.37 305.27
281.42 253.87
222.54 208.66
188.59 162.68
131.03 116.22
90.83 95.33
125.00 148.13
171.38 187.04
195.36 229.86
261.55 290.42
316.35 339.14
358.57 374.42
388.31 368.85
394.94 393.82
371.93 346.26
320.81 292.80
262.55 230.33
196.37 160.74
157.66 146.12
115.28 123.11
121.41 111.39
93.90 124.31
156.41 189.63
223.46 257.38
290.91 300.84
306.64 308.63
271.09 270.65
266.21 231.28
234.41 233.38
228.55 267.86
302.10 307.05
342.54 345.67
345.52 341.93
334.71 323.60
308.27 276.40
243.55 210.17
176.71 143.64
155.93 190.11
223.78 256.60
288.20 318.20
346.23 367.38
384.67 338.74
355.00 367.36
376.07 381.34
383.28 382.03
377.67 0.00
